147
783
284
284
526
526
650
650
44
44
44
190
190
190
198
198
198
213
213
213
354
354
354
431
431
431
432
432
432
558
558
558
570
570
570
85
85
85
85
93
93
93
93
124
124
124
124
132
132
132
132
161
161
161
161
242
242
242
242
313
313
313
313
499
499
499
499
532
532
532
532
541
541
541
541
615
615
615
615
683
683
683
683
782
782
782
782
790
790
790
790
819
819
819
819
878
878
878
878
908
908
908
908
961
961
961
961
55
55
55
55
55
79
79
79
79
79
95
95
95
95
95
116
116
116
116
116
137
137
137
137
137
156
156
156
156
156
189
189
189
189
189
199
199
199
199
199
252
252
252
252
252
300
300
300
300
300
351
351
351
351
351
373
373
373
373
373
382
382
382
382
382
386
386
386
386
386
397
397
397
397
397
443
443
443
443
443
459
459
459
459
459
566
566
566
566
566
602
602
602
602
602
609
609
609
609
609
714
714
714
714
714
724
724
724
724
724
755
755
755
755
755
805
805
805
805
805
813
813
813
813
813
904
904
904
904
904
935
935
935
935
935
959
959
959
959
959
987
987
987
987
987
997
997
997
997
997
14
14
14
14
14
14
40
40
40
40
40
40
46
46
46
46
46
46
52
52
52
52
52
52
70
70
70
70
70
70
89
89
89
89
89
89
94
94
94
94
94
94
102
102
102
102
102
102
158
158
158
158
158
158
206
206
206
206
206
206
210
210
210
210
210
210
211
211
211
211
211
211
212
212
212
212
212
212
228
228
228
228
228
228
229
229
229
229
229
229
244
244
244
244
244
244
263
263
263
263
263
263
265
265
265
265
265
265
268
268
268
268
268
268
270
270
270
270
270
270
271
271
271
271
271
271
288
288
288
288
288
288
298
298
298
298
298
298
319
319
319
319
319
319
335
335
335
335
335
335
338
338
338
338
338
338
348
348
348
348
348
348
350
350
350
350
350
350
357
357
357
357
357
357
367
367
367
367
367
367
369
369
369
369
369
369
399
399
399
399
399
399
434
434
434
434
434
434
469
469
469
469
469
469
502
502
502
502
502
502
516
516
516
516
516
516
555
555
555
555
555
555
556
556
556
556
556
556
564
564
564
564
564
564
574
574
574
574
574
574
583
583
583
583
583
583
604
604
604
604
604
604
614
614
614
614
614
614
631
631
631
631
631
631
639
639
639
639
639
639
644
644
644
644
644
644
647
647
647
647
647
647
657
657
657
657
657
657
663
663
663
663
663
663
682
682
682
682
682
682
687
687
687
687
687
687
692
692
692
692
692
692
730
730
730
730
730
730
748
748
748
748
748
748
774
774
774
774
774
774
804
804
804
804
804
804
822
822
822
822
822
822
839
839
839
839
839
839
860
860
860
860
860
860
914
914
914
914
914
914
945
945
945
945
945
945
990
990
990
990
990
990
992
992
992
992
992
992
6
6
6
6
6
6
6
12
12
12
12
12
12
12
26
26
26
26
26
26
26
48
48
48
48
48
48
48
83
83
83
83
83
83
83
101
101
101
101
101
101
101
111
111
111
111
111
111
111
133
133
133
133
133
133
133
141
141
141
141
141
141
141
150
150
150
150
150
150
150
159
159
159
159
159
159
159
172
172
172
172
172
172
172
178
178
178
178
178
178
178
192
192
192
192
192
192
192
193
193
193
193
193
193
193
205
205
205
205
205
205
205
209
209
209
209
209
209
209
219
219
219
219
219
219
219
233
233
233
233
233
233
233
234
234
234
234
234
234
234
245
245
245
245
245
245
245
264
264
264
264
264
264
264
327
327
327
327
327
327
327
336
336
336
336
336
336
336
381
381
381
381
381
381
381
408
408
408
408
408
408
408
413
413
413
413
413
413
413
436
436
436
436
436
436
436
438
438
438
438
438
438
438
461
461
461
461
461
461
461
465
465
465
465
465
465
465
466
466
466
466
466
466
466
479
479
479
479
479
479
479
488
488
488
488
488
488
488
494
494
494
494
494
494
494
530
530
530
530
530
530
530
545
545
545
545
545
545
545
572
572
572
572
572
572
572
577
577
577
577
577
577
577
584
584
584
584
584
584
584
587
587
587
587
587
587
587
636
636
636
636
636
636
636
645
645
645
645
645
645
645
646
646
646
646
646
646
646
654
654
654
654
654
654
654
670
670
670
670
670
670
670
694
694
694
694
694
694
694
695
695
695
695
695
695
695
699
699
699
699
699
699
699
707
707
707
707
707
707
707
725
725
725
725
725
725
725
734
734
734
734
734
734
734
741
741
741
741
741
741
741
749
749
749
749
749
749
749
753
753
753
753
753
753
753
758
758
758
758
758
758
758
765
765
765
765
765
765
765
784
784
784
784
784
784
784
793
793
793
793
793
793
793
809
809
809
809
809
809
809
814
814
814
814
814
814
814
818
818
818
818
818
818
818
828
828
828
828
828
828
828
830
830
830
830
830
830
830
832
832
832
832
832
832
832
836
836
836
836
836
836
836
841
841
841
841
841
841
841
842
842
842
842
842
842
842
884
884
884
884
884
884
884
889
889
889
889
889
889
889
900
900
900
900
900
900
900
913
913
913
913
913
913
913
925
925
925
925
925
925
925
927
927
927
927
927
927
927
934
934
934
934
934
934
934
937
937
937
937
937
937
937
948
948
948
948
948
948
948
960
960
960
960
960
960
960
971
971
971
971
971
971
971
978
978
978
978
978
978
978
982
982
982
982
982
982
982
985
985
985
985
985
985
985
2
2
2
2
2
2
2
2
37
37
37
37
37
37
37
37
41
41
41
41
41
41
41
41
68
68
68
68
68
68
68
68
73
73
73
73
73
73
73
73
82
82
82
82
82
82
82
82
87
87
87
87
87
87
87
87
104
104
104
104
104
104
104
104
114
114
114
114
114
114
114
114
117
117
117
117
117
117
117
117
129
129
129
129
129
129
129
129
131
131
131
131
131
131
131
131
136
136
136
136
136
136
136
136
139
139
139
139
139
139
139
139
142
142
142
142
142
142
142
142
160
160
160
160
160
160
160
160
165
165
165
165
165
165
165
165
166
166
166
166
166
166
166
166
170
170
170
170
170
170
170
170
173
173
173
173
173
173
173
173
179
179
179
179
179
179
179
179
184
184
184
184
184
184
184
184
195
195
195
195
195
195
195
195
196
196
196
196
196
196
196
196
202
202
202
202
202
202
202
202
214
214
214
214
214
214
214
214
230
230
230
230
230
230
230
230
231
231
231
231
231
231
231
231
236
236
236
236
236
236
236
236
274
274
274
274
274
274
274
274
278
278
278
278
278
278
278
278
279
279
279
279
279
279
279
279
299
299
299
299
299
299
299
299
310
310
310
310
310
310
310
310
329
329
329
329
329
329
329
329
331
331
331
331
331
331
331
331
339
339
339
339
339
339
339
339
345
345
345
345
345
345
345
345
346
346
346
346
346
346
346
346
347
347
347
347
347
347
347
347
349
349
349
349
349
349
349
349
356
356
356
356
356
356
356
356
364
364
364
364
364
364
364
364
389
389
389
389
389
389
389
389
391
391
391
391
391
391
391
391
393
393
393
393
393
393
393
393
400
400
400
400
400
400
400
400
411
411
411
411
411
411
411
411
417
417
417
417
417
417
417
417
420
420
420
420
420
420
420
420
423
423
423
423
423
423
423
423
424
424
424
424
424
424
424
424
430
430
430
430
430
430
430
430
440
440
440
440
440
440
440
440
446
446
446
446
446
446
446
446
455
455
455
455
455
455
455
455
462
462
462
462
462
462
462
462
475
475
475
475
475
475
475
475
491
491
491
491
491
491
491
491
497
497
497
497
497
497
497
497
508
508
508
508
508
508
508
508
515
515
515
515
515
515
515
515
550
550
550
550
550
550
550
550
554
554
554
554
554
554
554
554
557
557
557
557
557
557
557
557
568
568
568
568
568
568
568
568
571
571
571
571
571
571
571
571
607
607
607
607
607
607
607
607
608
608
608
608
608
608
608
608
618
618
618
618
618
618
618
618
621
621
621
621
621
621
621
621
628
628
628
628
628
628
628
628
633
633
633
633
633
633
633
633
635
635
635
635
635
635
635
635
642
642
642
642
642
642
642
642
648
648
648
648
648
648
648
648
652
652
652
652
652
652
652
652
653
653
653
653
653
653
653
653
655
655
655
655
655
655
655
655
659
659
659
659
659
659
659
659
662
662
662
662
662
662
662
662
665
665
665
665
665
665
665
665
666
666
666
666
666
666
666
666
668
668
668
668
668
668
668
668
671
671
671
671
671
671
671
671
675
675
675
675
675
675
675
675
679
679
679
679
679
679
679
679
690
690
690
690
690
690
690
690
700
700
700
700
700
700
700
700
711
711
711
711
711
711
711
711
717
717
717
717
717
717
717
717
718
718
718
718
718
718
718
718
721
721
721
721
721
721
721
721
745
745
745
745
745
745
745
745
756
756
756
756
756
756
756
756
763
763
763
763
763
763
763
763
764
764
764
764
764
764
764
764
771
771
771
771
771
771
771
771
777
777
777
777
777
777
777
777
786
786
786
786
786
786
786
786
797
797
797
797
797
797
797
797
799
799
799
799
799
799
799
799
802
802
802
802
802
802
802
802
816
816
816
816
816
816
816
816
823
823
823
823
823
823
823
823
831
831
831
831
831
831
831
831
837
837
837
837
837
837
837
837
843
843
843
843
843
843
843
843
844
844
844
844
844
844
844
844
848
848
848
848
848
848
848
848
862
862
862
862
862
862
862
862
874
874
874
874
874
874
874
874
877
877
877
877
877
877
877
877
887
887
887
887
887
887
887
887
890
890
890
890
890
890
890
890
892
892
892
892
892
892
892
892
897
897
897
897
897
897
897
897
903
903
903
903
903
903
903
903
906
906
906
906
906
906
906
906
909
909
909
909
909
909
909
909
911
911
911
911
911
911
911
911
936
936
936
936
936
936
936
936
946
946
946
946
946
946
946
946
954
954
954
954
954
954
954
954
963
963
963
963
963
963
963
963
968
968
968
968
968
968
968
968
969
969
969
969
969
969
969
969
972
972
972
972
972
972
972
972
984
984
984
984
984
984
984
984
986
986
986
986
986
986
986
986
988
988
988
988
988
988
988
988
991
991
991
991
991
991
991
991
993
993
993
993
993
993
993
993
996
996
996
996
996
996
996
996
1
1
1
1
1
1
1
1
1
20
20
20
20
20
20
20
20
20
27
27
27
27
27
27
27
27
27
30
30
30
30
30
30
30
30
30
34
34
34
34
34
34
34
34
34
35
35
35
35
35
35
35
35
35
47
47
47
47
47
47
47
47
47
61
61
61
61
61
61
61
61
61
63
63
63
63
63
63
63
63
63
65
65
65
65
65
65
65
65
65
69
69
69
69
69
69
69
69
69
72
72
72
72
72
72
72
72
72
75
75
75
75
75
75
75
75
75
90
90
90
90
90
90
90
90
90
92
92
92
92
92
92
92
92
92
97
97
97
97
97
97
97
97
97
108
108
108
108
108
108
108
108
108
110
110
110
110
110
110
110
110
110
119
119
119
119
119
119
119
119
119
121
121
121
121
121
121
121
121
121
125
125
125
125
125
125
125
125
125
127
127
127
127
127
127
127
127
127
130
130
130
130
130
130
130
130
130
135
135
135
135
135
135
135
135
135
149
149
149
149
149
149
149
149
149
153
153
153
153
153
153
153
153
153
162
162
162
162
162
162
162
162
162
168
168
168
168
168
168
168
168
168
186
186
186
186
186
186
186
186
186
197
197
197
197
197
197
197
197
197
201
201
201
201
201
201
201
201
201
204
204
204
204
204
204
204
204
204
220
220
220
220
220
220
220
220
220
223
223
223
223
223
223
223
223
223
232
232
232
232
232
232
232
232
232
262
262
262
262
262
262
262
262
262
273
273
273
273
273
273
273
273
273
276
276
276
276
276
276
276
276
276
281
281
281
281
281
281
281
281
281
290
290
290
290
290
290
290
290
290
294
294
294
294
294
294
294
294
294
295
295
295
295
295
295
295
295
295
307
307
307
307
307
307
307
307
307
309
309
309
309
309
309
309
309
309
326
326
326
326
326
326
326
326
326
353
353
353
353
353
353
353
353
353
355
355
355
355
355
355
355
355
355
361
361
361
361
361
361
361
361
361
366
366
366
366
366
366
366
366
366
368
368
368
368
368
368
368
368
368
375
375
375
375
375
375
375
375
375
376
376
376
376
376
376
376
376
376
377
377
377
377
377
377
377
377
377
378
378
378
378
378
378
378
378
378
383
383
383
383
383
383
383
383
383
394
394
394
394
394
394
394
394
394
396
396
396
396
396
396
396
396
396
398
398
398
398
398
398
398
398
398
402
402
402
402
402
402
402
402
402
403
403
403
403
403
403
403
403
403
407
407
407
407
407
407
407
407
407
410
410
410
410
410
410
410
410
410
425
425
425
425
425
425
425
425
425
441
441
441
441
441
441
441
441
441
445
445
445
445
445
445
445
445
445
463
463
463
463
463
463
463
463
463
470
470
470
470
470
470
470
470
470
472
472
472
472
472
472
472
472
472
473
473
473
473
473
473
473
473
473
492
492
492
492
492
492
492
492
492
498
498
498
498
498
498
498
498
498
501
501
501
501
501
501
501
501
501
510
510
510
510
510
510
510
510
510
517
517
517
517
517
517
517
517
517
518
518
518
518
518
518
518
518
518
519
519
519
519
519
519
519
519
519
523
523
523
523
523
523
523
523
523
524
524
524
524
524
524
524
524
524
525
525
525
525
525
525
525
525
525
533
533
533
533
533
533
533
533
533
534
534
534
534
534
534
534
534
534
536
536
536
536
536
536
536
536
536
539
539
539
539
539
539
539
539
539
561
561
561
561
561
561
561
561
561
569
569
569
569
569
569
569
569
569
578
578
578
578
578
578
578
578
578
594
594
594
594
594
594
594
594
594
612
612
612
612
612
612
612
612
612
629
629
629
629
629
629
629
629
629
630
630
630
630
630
630
630
630
630
632
632
632
632
632
632
632
632
632
638
638
638
638
638
638
638
638
638
643
643
643
643
643
643
643
643
643
660
660
660
660
660
660
660
660
660
667
667
667
667
667
667
667
667
667
685
685
685
685
685
685
685
685
685
689
689
689
689
689
689
689
689
689
691
691
691
691
691
691
691
691
691
697
697
697
697
697
697
697
697
697
704
704
704
704
704
704
704
704
704
719
719
719
719
719
719
719
719
719
732
732
732
732
732
732
732
732
732
735
735
735
735
735
735
735
735
735
742
742
742
742
742
742
742
742
742
747
747
747
747
747
747
747
747
747
750
750
750
750
750
750
750
750
750
751
751
751
751
751
751
751
751
751
752
752
752
752
752
752
752
752
752
768
768
768
768
768
768
768
768
768
773
773
773
773
773
773
773
773
773
775
775
775
775
775
775
775
775
775
791
791
791
791
791
791
791
791
791
798
798
798
798
798
798
798
798
798
800
800
800
800
800
800
800
800
800
803
803
803
803
803
803
803
803
803
807
807
807
807
807
807
807
807
807
808
808
808
808
808
808
808
808
808
845
845
845
845
845
845
845
845
845
854
854
854
854
854
854
854
854
854
856
856
856
856
856
856
856
856
856
857
857
857
857
857
857
857
857
857
861
861
861
861
861
861
861
861
861
869
869
869
869
869
869
869
869
869
891
891
891
891
891
891
891
891
891
893
893
893
893
893
893
893
893
893
895
895
895
895
895
895
895
895
895
898
898
898
898
898
898
898
898
898
899
899
899
899
899
899
899
899
899
919
919
919
919
919
919
919
919
919
921
921
921
921
921
921
921
921
921
922
922
922
922
922
922
922
922
922
928
928
928
928
928
928
928
928
928
941
941
941
941
941
941
941
941
941
944
944
944
944
944
944
944
944
944
952
952
952
952
952
952
952
952
952
953
953
953
953
953
953
953
953
953
958
958
958
958
958
958
958
958
958
964
964
964
964
964
964
964
964
964
974
974
974
974
974
974
974
974
974
977
977
977
977
977
977
977
977
977
5
5
5
5
5
5
5
5
5
5
17
17
17
17
17
17
17
17
17
17
19
19
19
19
19
19
19
19
19
19
24
24
24
24
24
24
24
24
24
24
28
28
28
28
28
28
28
28
28
28
39
39
39
39
39
39
39
39
39
39
45
45
45
45
45
45
45
45
45
45
49
49
49
49
49
49
49
49
49
49
51
51
51
51
51
51
51
51
51
51
78
78
78
78
78
78
78
78
78
78
80
80
80
80
80
80
80
80
80
80
103
103
103
103
103
103
103
103
103
103
107
107
107
107
107
107
107
107
107
107
109
109
109
109
109
109
109
109
109
109
112
112
112
112
112
112
112
112
112
112
138
138
138
138
138
138
138
138
138
138
143
143
143
143
143
143
143
143
143
143
148
148
148
148
148
148
148
148
148
148
151
151
151
151
151
151
151
151
151
151
152
152
152
152
152
152
152
152
152
152
177
177
177
177
177
177
177
177
177
177
182
182
182
182
182
182
182
182
182
182
191
191
191
191
191
191
191
191
191
191
194
194
194
194
194
194
194
194
194
194
207
207
207
207
207
207
207
207
207
207
216
216
216
216
216
216
216
216
216
216
226
226
226
226
226
226
226
226
226
226
237
237
237
237
237
237
237
237
237
237
239
239
239
239
239
239
239
239
239
239
280
280
280
280
280
280
280
280
280
280
283
283
283
283
283
283
283
283
283
283
286
286
286
286
286
286
286
286
286
286
293
293
293
293
293
293
293
293
293
293
297
297
297
297
297
297
297
297
297
297
302
302
302
302
302
302
302
302
302
302
305
305
305
305
305
305
305
305
305
305
318
318
318
318
318
318
318
318
318
318
324
324
324
324
324
324
324
324
324
324
371
371
371
371
371
371
371
371
371
371
372
372
372
372
372
372
372
372
372
372
374
374
374
374
374
374
374
374
374
374
385
385
385
385
385
385
385
385
385
385
409
409
409
409
409
409
409
409
409
409
412
412
412
412
412
412
412
412
412
412
428
428
428
428
428
428
428
428
428
428
433
433
433
433
433
433
433
433
433
433
435
435
435
435
435
435
435
435
435
435
449
449
449
449
449
449
449
449
449
449
450
450
450
450
450
450
450
450
450
450
453
453
453
453
453
453
453
453
453
453
454
454
454
454
454
454
454
454
454
454
481
481
481
481
481
481
481
481
481
481
484
484
484
484
484
484
484
484
484
484
487
487
487
487
487
487
487
487
487
487
490
490
490
490
490
490
490
490
490
490
496
496
496
496
496
496
496
496
496
496
500
500
500
500
500
500
500
500
500
500
506
506
506
506
506
506
506
506
506
506
511
511
511
511
511
511
511
511
511
511
527
527
527
527
527
527
527
527
527
527
531
531
531
531
531
531
531
531
531
531
537
537
537
537
537
537
537
537
537
537
562
562
562
562
562
562
562
562
562
562
563
563
563
563
563
563
563
563
563
563
576
576
576
576
576
576
576
576
576
576
589
589
589
589
589
589
589
589
589
589
591
591
591
591
591
591
591
591
591
591
593
593
593
593
593
593
593
593
593
593
595
595
595
595
595
595
595
595
595
595
605
605
605
605
605
605
605
605
605
605
606
606
606
606
606
606
606
606
606
606
624
624
624
624
624
624
624
624
624
624
625
625
625
625
625
625
625
625
625
625
626
626
626
626
626
626
626
626
626
626
627
627
627
627
627
627
627
627
627
627
641
641
641
641
641
641
641
641
641
641
678
678
678
678
678
678
678
678
678
678
702
702
702
702
702
702
702
702
702
702
703
703
703
703
703
703
703
703
703
703
705
705
705
705
705
705
705
705
705
705
708
708
708
708
708
708
708
708
708
708
716
716
716
716
716
716
716
716
716
716
722
722
722
722
722
722
722
722
722
722
726
726
726
726
726
726
726
726
726
726
731
731
731
731
731
731
731
731
731
731
733
733
733
733
733
733
733
733
733
733
743
743
743
743
743
743
743
743
743
743
754
754
754
754
754
754
754
754
754
754
761
761
761
761
761
761
761
761
761
761
772
772
772
772
772
772
772
772
772
772
781
781
781
781
781
781
781
781
781
781
806
806
806
806
806
806
806
806
806
806
811
811
811
811
811
811
811
811
811
811
815
815
815
815
815
815
815
815
815
815
840
840
840
840
840
840
840
840
840
840
868
868
868
868
868
868
868
868
868
868
873
873
873
873
873
873
873
873
873
873
875
875
875
875
875
875
875
875
875
875
876
876
876
876
876
876
876
876
876
876
901
901
901
901
901
901
901
901
901
901
915
915
915
915
915
915
915
915
915
915
929
929
929
929
929
929
929
929
929
929
933
933
933
933
933
933
933
933
933
933
939
939
939
939
939
939
939
939
939
939
943
943
943
943
943
943
943
943
943
943
950
950
950
950
950
950
950
950
950
950
981
981
981
981
981
981
981
981
981
981
983
983
983
983
983
983
983
983
983
983
995
995
995
995
995
995
995
995
995
995
3
3
3
3
3
3
3
3
3
3
3
4
4
4
4
4
4
4
4
4
4
4
7
7
7
7
7
7
7
7
7
7
7
8
8
8
8
8
8
8
8
8
8
8
10
10
10
10
10
10
10
10
10
10
10
22
22
22
22
22
22
22
22
22
22
22
23
23
23
23
23
23
23
23
23
23
23
25
25
25
25
25
25
25
25
25
25
25
32
32
32
32
32
32
32
32
32
32
32
33
33
33
33
33
33
33
33
33
33
33
38
38
38
38
38
38
38
38
38
38
38
42
42
42
42
42
42
42
42
42
42
42
54
54
54
54
54
54
54
54
54
54
54
57
57
57
57
57
57
57
57
57
57
57
60
60
60
60
60
60
60
60
60
60
60
62
62
62
62
62
62
62
62
62
62
62
77
77
77
77
77
77
77
77
77
77
77
81
81
81
81
81
81
81
81
81
81
81
91
91
91
91
91
91
91
91
91
91
91
100
100
100
100
100
100
100
100
100
100
100
106
106
106
106
106
106
106
106
106
106
106
115
115
115
115
115
115
115
115
115
115
115
118
118
118
118
118
118
118
118
118
118
118
120
120
120
120
120
120
120
120
120
120
120
123
123
123
123
123
123
123
123
123
123
123
134
134
134
134
134
134
134
134
134
134
134
144
144
144
144
144
144
144
144
144
144
144
145
145
145
145
145
145
145
145
145
145
145
146
146
146
146
146
146
146
146
146
146
146
164
164
164
164
164
164
164
164
164
164
164
175
175
175
175
175
175
175
175
175
175
175
181
181
181
181
181
181
181
181
181
181
181
200
200
200
200
200
200
200
200
200
200
200
255
255
255
255
255
255
255
255
255
255
255
282
282
282
282
282
282
282
282
282
282
282
287
287
287
287
287
287
287
287
287
287
287
289
289
289
289
289
289
289
289
289
289
289
301
301
301
301
301
301
301
301
301
301
301
306
306
306
306
306
306
306
306
306
306
306
311
311
311
311
311
311
311
311
311
311
311
315
315
315
315
315
315
315
315
315
315
315
321
321
321
321
321
321
321
321
321
321
321
343
343
343
343
343
343
343
343
343
343
343
344
344
344
344
344
344
344
344
344
344
344
387
387
387
387
387
387
387
387
387
387
387
406
406
406
406
406
406
406
406
406
406
406
414
414
414
414
414
414
414
414
414
414
414
415
415
415
415
415
415
415
415
415
415
415
418
418
418
418
418
418
418
418
418
418
418
419
419
419
419
419
419
419
419
419
419
419
421
421
421
421
421
421
421
421
421
421
421
451
451
451
451
451
451
451
451
451
451
451
460
460
460
460
460
460
460
460
460
460
460
476
476
476
476
476
476
476
476
476
476
476
478
478
478
478
478
478
478
478
478
478
478
480
480
480
480
480
480
480
480
480
480
480
503
503
503
503
503
503
503
503
503
503
503
513
513
513
513
513
513
513
513
513
513
513
520
520
520
520
520
520
520
520
520
520
520
522
522
522
522
522
522
522
522
522
522
522
538
538
538
538
538
538
538
538
538
538
538
552
552
552
552
552
552
552
552
552
552
552
567
567
567
567
567
567
567
567
567
567
567
575
575
575
575
575
575
575
575
575
575
575
579
579
579
579
579
579
579
579
579
579
579
581
581
581
581
581
581
581
581
581
581
581
582
582
582
582
582
582
582
582
582
582
582
586
586
586
586
586
586
586
586
586
586
586
592
592
592
592
592
592
592
592
592
592
592
601
601
601
601
601
601
601
601
601
601
601
610
610
610
610
610
610
610
610
610
610
610
637
637
637
637
637
637
637
637
637
637
637
674
674
674
674
674
674
674
674
674
674
674
680
680
680
680
680
680
680
680
680
680
680
681
681
681
681
681
681
681
681
681
681
681
684
684
684
684
684
684
684
684
684
684
684
693
693
693
693
693
693
693
693
693
693
693
698
698
698
698
698
698
698
698
698
698
698
713
713
713
713
713
713
713
713
713
713
713
729
729
729
729
729
729
729
729
729
729
729
738
738
738
738
738
738
738
738
738
738
738
739
739
739
739
739
739
739
739
739
739
739
744
744
744
744
744
744
744
744
744
744
744
766
766
766
766
766
766
766
766
766
766
766
770
770
770
770
770
770
770
770
770
770
770
812
812
812
812
812
812
812
812
812
812
812
821
821
821
821
821
821
821
821
821
821
821
838
838
838
838
838
838
838
838
838
838
838
846
846
846
846
846
846
846
846
846
846
846
853
853
853
853
853
853
853
853
853
853
853
855
855
855
855
855
855
855
855
855
855
855
864
864
864
864
864
864
864
864
864
864
864
870
870
870
870
870
870
870
870
870
870
870
881
881
881
881
881
881
881
881
881
881
881
886
886
886
886
886
886
886
886
886
886
886
916
916
916
916
916
916
916
916
916
916
916
926
926
926
926
926
926
926
926
926
926
926
930
930
930
930
930
930
930
930
930
930
930
932
932
932
932
932
932
932
932
932
932
932
956
956
956
956
956
956
956
956
956
956
956
967
967
967
967
967
967
967
967
967
967
967
975
975
975
975
975
975
975
975
975
975
975
976
976
976
976
976
976
976
976
976
976
976
989
989
989
989
989
989
989
989
989
989
989
11
11
11
11
11
11
11
11
11
11
11
11
21
21
21
21
21
21
21
21
21
21
21
21
56
56
56
56
56
56
56
56
56
56
56
56
58
58
58
58
58
58
58
58
58
58
58
58
59
59
59
59
59
59
59
59
59
59
59
59
67
67
67
67
67
67
67
67
67
67
67
67
71
71
71
71
71
71
71
71
71
71
71
71
84
84
84
84
84
84
84
84
84
84
84
84
128
128
128
128
128
128
128
128
128
128
128
128
155
155
155
155
155
155
155
155
155
155
155
155
169
169
169
169
169
169
169
169
169
169
169
169
217
217
217
217
217
217
217
217
217
217
217
217
241
241
241
241
241
241
241
241
241
241
241
241
243
243
243
243
243
243
243
243
243
243
243
243
246
246
246
246
246
246
246
246
246
246
246
246
256
256
256
256
256
256
256
256
256
256
256
256
259
259
259
259
259
259
259
259
259
259
259
259
260
260
260
260
260
260
260
260
260
260
260
260
266
266
266
266
266
266
266
266
266
266
266
266
292
292
292
292
292
292
292
292
292
292
292
292
304
304
304
304
304
304
304
304
304
304
304
304
312
312
312
312
312
312
312
312
312
312
312
312
314
314
314
314
314
314
314
314
314
314
314
314
325
325
325
325
325
325
325
325
325
325
325
325
332
332
332
332
332
332
332
332
332
332
332
332
334
334
334
334
334
334
334
334
334
334
334
334
341
341
341
341
341
341
341
341
341
341
341
341
365
365
365
365
365
365
365
365
365
365
365
365
379
379
379
379
379
379
379
379
379
379
379
379
388
388
388
388
388
388
388
388
388
388
388
388
392
392
392
392
392
392
392
392
392
392
392
392
401
401
401
401
401
401
401
401
401
401
401
401
427
427
427
427
427
427
427
427
427
427
427
427
447
447
447
447
447
447
447
447
447
447
447
447
474
474
474
474
474
474
474
474
474
474
474
474
482
482
482
482
482
482
482
482
482
482
482
482
504
504
504
504
504
504
504
504
504
504
504
504
505
505
505
505
505
505
505
505
505
505
505
505
509
509
509
509
509
509
509
509
509
509
509
509
521
521
521
521
521
521
521
521
521
521
521
521
540
540
540
540
540
540
540
540
540
540
540
540
542
542
542
542
542
542
542
542
542
542
542
542
549
549
549
549
549
549
549
549
549
549
549
549
560
560
560
560
560
560
560
560
560
560
560
560
599
599
599
599
599
599
599
599
599
599
599
599
656
656
656
656
656
656
656
656
656
656
656
656
664
664
664
664
664
664
664
664
664
664
664
664
669
669
669
669
669
669
669
669
669
669
669
669
686
686
686
686
686
686
686
686
686
686
686
686
701
701
701
701
701
701
701
701
701
701
701
701
712
712
712
712
712
712
712
712
712
712
712
712
720
720
720
720
720
720
720
720
720
720
720
720
723
723
723
723
723
723
723
723
723
723
723
723
728
728
728
728
728
728
728
728
728
728
728
728
757
757
757
757
757
757
757
757
757
757
757
757
778
778
778
778
778
778
778
778
778
778
778
778
780
780
780
780
780
780
780
780
780
780
780
780
789
789
789
789
789
789
789
789
789
789
789
789
820
820
820
820
820
820
820
820
820
820
820
820
833
833
833
833
833
833
833
833
833
833
833
833
835
835
835
835
835
835
835
835
835
835
835
835
847
847
847
847
847
847
847
847
847
847
847
847
849
849
849
849
849
849
849
849
849
849
849
849
852
852
852
852
852
852
852
852
852
852
852
852
858
858
858
858
858
858
858
858
858
858
858
858
863
863
863
863
863
863
863
863
863
863
863
863
866
866
866
866
866
866
866
866
866
866
866
866
888
888
888
888
888
888
888
888
888
888
888
888
902
902
902
902
902
902
902
902
902
902
902
902
905
905
905
905
905
905
905
905
905
905
905
905
910
910
910
910
910
910
910
910
910
910
910
910
947
947
947
947
947
947
947
947
947
947
947
947
949
949
949
949
949
949
949
949
949
949
949
949
951
951
951
951
951
951
951
951
951
951
951
951
957
957
957
957
957
957
957
957
957
957
957
957
970
970
970
970
970
970
970
970
970
970
970
970
973
973
973
973
973
973
973
973
973
973
973
973
980
980
980
980
980
980
980
980
980
980
980
980
998
998
998
998
998
998
998
998
998
998
998
998
13
13
13
13
13
13
13
13
13
13
13
13
13
15
15
15
15
15
15
15
15
15
15
15
15
15
16
16
16
16
16
16
16
16
16
16
16
16
16
18
18
18
18
18
18
18
18
18
18
18
18
18
29
29
29
29
29
29
29
29
29
29
29
29
29
31
31
31
31
31
31
31
31
31
31
31
31
31
53
53
53
53
53
53
53
53
53
53
53
53
53
64
64
64
64
64
64
64
64
64
64
64
64
64
74
74
74
74
74
74
74
74
74
74
74
74
74
98
98
98
98
98
98
98
98
98
98
98
98
98
99
99
99
99
99
99
99
99
99
99
99
99
99
122
122
122
122
122
122
122
122
122
122
122
122
122
126
126
126
126
126
126
126
126
126
126
126
126
126
140
140
140
140
140
140
140
140
140
140
140
140
140
163
163
163
163
163
163
163
163
163
163
163
163
163
171
171
171
171
171
171
171
171
171
171
171
171
171
174
174
174
174
174
174
174
174
174
174
174
174
174
176
176
176
176
176
176
176
176
176
176
176
176
176
187
187
187
187
187
187
187
187
187
187
187
187
187
215
215
215
215
215
215
215
215
215
215
215
215
215
218
218
218
218
218
218
218
218
218
218
218
218
218
238
238
238
238
238
238
238
238
238
238
238
238
238
240
240
240
240
240
240
240
240
240
240
240
240
240
249
249
249
249
249
249
249
249
249
249
249
249
249
251
251
251
251
251
251
251
251
251
251
251
251
251
257
257
257
257
257
257
257
257
257
257
257
257
257
258
258
258
258
258
258
258
258
258
258
258
258
258
269
269
269
269
269
269
269
269
269
269
269
269
269
285
285
285
285
285
285
285
285
285
285
285
285
285
291
291
291
291
291
291
291
291
291
291
291
291
291
308
308
308
308
308
308
308
308
308
308
308
308
308
320
320
320
320
320
320
320
320
320
320
320
320
320
322
322
322
322
322
322
322
322
322
322
322
322
322
328
328
328
328
328
328
328
328
328
328
328
328
328
342
342
342
342
342
342
342
342
342
342
342
342
342
352
352
352
352
352
352
352
352
352
352
352
352
352
362
362
362
362
362
362
362
362
362
362
362
362
362
380
380
380
380
380
380
380
380
380
380
380
380
380
390
390
390
390
390
390
390
390
390
390
390
390
390
404
404
404
404
404
404
404
404
404
404
404
404
404
405
405
405
405
405
405
405
405
405
405
405
405
405
426
426
426
426
426
426
426
426
426
426
426
426
426
437
437
437
437
437
437
437
437
437
437
437
437
437
468
468
468
468
468
468
468
468
468
468
468
468
468
485
485
485
485
485
485
485
485
485
485
485
485
485
493
493
493
493
493
493
493
493
493
493
493
493
493
495
495
495
495
495
495
495
495
495
495
495
495
495
507
507
507
507
507
507
507
507
507
507
507
507
507
529
529
529
529
529
529
529
529
529
529
529
529
529
544
544
544
544
544
544
544
544
544
544
544
544
544
551
551
551
551
551
551
551
551
551
551
551
551
551
559
559
559
559
559
559
559
559
559
559
559
559
559
573
573
573
573
573
573
573
573
573
573
573
573
573
585
585
585
585
585
585
585
585
585
585
585
585
585
596
596
596
596
596
596
596
596
596
596
596
596
596
598
598
598
598
598
598
598
598
598
598
598
598
598
611
611
611
611
611
611
611
611
611
611
611
611
611
617
617
617
617
617
617
617
617
617
617
617
617
617
619
619
619
619
619
619
619
619
619
619
619
619
619
622
622
622
622
622
622
622
622
622
622
622
622
622
634
634
634
634
634
634
634
634
634
634
634
634
634
658
658
658
658
658
658
658
658
658
658
658
658
658
672
672
672
672
672
672
672
672
672
672
672
672
672
676
676
676
676
676
676
676
676
676
676
676
676
676
677
677
677
677
677
677
677
677
677
677
677
677
677
736
736
736
736
736
736
736
736
736
736
736
736
736
737
737
737
737
737
737
737
737
737
737
737
737
737
746
746
746
746
746
746
746
746
746
746
746
746
746
760
760
760
760
760
760
760
760
760
760
760
760
760
762
762
762
762
762
762
762
762
762
762
762
762
762
769
769
769
769
769
769
769
769
769
769
769
769
769
787
787
787
787
787
787
787
787
787
787
787
787
787
796
796
796
796
796
796
796
796
796
796
796
796
796
827
827
827
827
827
827
827
827
827
827
827
827
827
834
834
834
834
834
834
834
834
834
834
834
834
834
859
859
859
859
859
859
859
859
859
859
859
859
859
871
871
871
871
871
871
871
871
871
871
871
871
871
872
872
872
872
872
872
872
872
872
872
872
872
872
882
882
882
882
882
882
882
882
882
882
882
882
882
912
912
912
912
912
912
912
912
912
912
912
912
912
917
917
917
917
917
917
917
917
917
917
917
917
917
918
918
918
918
918
918
918
918
918
918
918
918
918
923
923
923
923
923
923
923
923
923
923
923
923
923
924
924
924
924
924
924
924
924
924
924
924
924
924
965
965
965
965
965
965
965
965
965
965
965
965
965
994
994
994
994
994
994
994
994
994
994
994
994
994
999
999
999
999
999
999
999
999
999
999
999
999
999
43
43
43
43
43
43
43
43
43
43
43
43
43
43
96
96
96
96
96
96
96
96
96
96
96
96
96
96
113
113
113
113
113
113
113
113
113
113
113
113
113
113
157
157
157
157
157
157
157
157
157
157
157
157
157
157
180
180
180
180
180
180
180
180
180
180
180
180
180
180
247
247
247
247
247
247
247
247
247
247
247
247
247
247
248
248
248
248
248
248
248
248
248
248
248
248
248
248
254
254
254
254
254
254
254
254
254
254
254
254
254
254
275
275
275
275
275
275
275
275
275
275
275
275
275
275
296
296
296
296
296
296
296
296
296
296
296
296
296
296
330
330
330
330
330
330
330
330
330
330
330
330
330
330
340
340
340
340
340
340
340
340
340
340
340
340
340
340
358
358
358
358
358
358
358
358
358
358
358
358
358
358
359
359
359
359
359
359
359
359
359
359
359
359
359
359
360
360
360
360
360
360
360
360
360
360
360
360
360
360
422
422
422
422
422
422
422
422
422
422
422
422
422
422
429
429
429
429
429
429
429
429
429
429
429
429
429
429
439
439
439
439
439
439
439
439
439
439
439
439
439
439
448
448
448
448
448
448
448
448
448
448
448
448
448
448
452
452
452
452
452
452
452
452
452
452
452
452
452
452
456
456
456
456
456
456
456
456
456
456
456
456
456
456
457
457
457
457
457
457
457
457
457
457
457
457
457
457
486
486
486
486
486
486
486
486
486
486
486
486
486
486
512
512
512
512
512
512
512
512
512
512
512
512
512
512
535
535
535
535
535
535
535
535
535
535
535
535
535
535
613
613
613
613
613
613
613
613
613
613
613
613
613
613
616
616
616
616
616
616
616
616
616
616
616
616
616
616
620
620
620
620
620
620
620
620
620
620
620
620
620
620
651
651
651
651
651
651
651
651
651
651
651
651
651
651
661
661
661
661
661
661
661
661
661
661
661
661
661
661
706
706
706
706
706
706
706
706
706
706
706
706
706
706
727
727
727
727
727
727
727
727
727
727
727
727
727
727
767
767
767
767
767
767
767
767
767
767
767
767
767
767
776
776
776
776
776
776
776
776
776
776
776
776
776
776
779
779
779
779
779
779
779
779
779
779
779
779
779
779
785
785
785
785
785
785
785
785
785
785
785
785
785
785
792
792
792
792
792
792
792
792
792
792
792
792
792
792
794
794
794
794
794
794
794
794
794
794
794
794
794
794
810
810
810
810
810
810
810
810
810
810
810
810
810
810
817
817
817
817
817
817
817
817
817
817
817
817
817
817
826
826
826
826
826
826
826
826
826
826
826
826
826
826
851
851
851
851
851
851
851
851
851
851
851
851
851
851
865
865
865
865
865
865
865
865
865
865
865
865
865
865
867
867
867
867
867
867
867
867
867
867
867
867
867
867
880
880
880
880
880
880
880
880
880
880
880
880
880
880
883
883
883
883
883
883
883
883
883
883
883
883
883
883
894
894
894
894
894
894
894
894
894
894
894
894
894
894
907
907
907
907
907
907
907
907
907
907
907
907
907
907
920
920
920
920
920
920
920
920
920
920
920
920
920
920
938
938
938
938
938
938
938
938
938
938
938
938
938
938
955
955
955
955
955
955
955
955
955
955
955
955
955
955
962
962
962
962
962
962
962
962
962
962
962
962
962
962
966
966
966
966
966
966
966
966
966
966
966
966
966
966
0
0
0
0
0
0
0
0
0
0
0
0
0
0
0
9
9
9
9
9
9
9
9
9
9
9
9
9
9
9
66
66
66
66
66
66
66
66
66
66
66
66
66
66
66
88
88
88
88
88
88
88
88
88
88
88
88
88
88
88
154
154
154
154
154
154
154
154
154
154
154
154
154
154
154
167
167
167
167
167
167
167
167
167
167
167
167
167
167
167
185
185
185
185
185
185
185
185
185
185
185
185
185
185
185
235
235
235
235
235
235
235
235
235
235
235
235
235
235
235
250
250
250
250
250
250
250
250
250
250
250
250
250
250
250
253
253
253
253
253
253
253
253
253
253
253
253
253
253
253
261
261
261
261
261
261
261
261
261
261
261
261
261
261
261
267
267
267
267
267
267
267
267
267
267
267
267
267
267
267
272
272
272
272
272
272
272
272
272
272
272
272
272
272
272
277
277
277
277
277
277
277
277
277
277
277
277
277
277
277
303
303
303
303
303
303
303
303
303
303
303
303
303
303
303
363
363
363
363
363
363
363
363
363
363
363
363
363
363
363
416
416
416
416
416
416
416
416
416
416
416
416
416
416
416
442
442
442
442
442
442
442
442
442
442
442
442
442
442
442
458
458
458
458
458
458
458
458
458
458
458
458
458
458
458
477
477
477
477
477
477
477
477
477
477
477
477
477
477
477
489
489
489
489
489
489
489
489
489
489
489
489
489
489
489
546
546
546
546
546
546
546
546
546
546
546
546
546
546
546
548
548
548
548
548
548
548
548
548
548
548
548
548
548
548
553
553
553
553
553
553
553
553
553
553
553
553
553
553
553
580
580
580
580
580
580
580
580
580
580
580
580
580
580
580
597
597
597
597
597
597
597
597
597
597
597
597
597
597
597
600
600
600
600
600
600
600
600
600
600
600
600
600
600
600
603
603
603
603
603
603
603
603
603
603
603
603
603
603
603
673
673
673
673
673
673
673
673
673
673
673
673
673
673
673
709
709
709
709
709
709
709
709
709
709
709
709
709
709
709
710
710
710
710
710
710
710
710
710
710
710
710
710
710
710
715
715
715
715
715
715
715
715
715
715
715
715
715
715
715
759
759
759
759
759
759
759
759
759
759
759
759
759
759
759
788
788
788
788
788
788
788
788
788
788
788
788
788
788
788
795
795
795
795
795
795
795
795
795
795
795
795
795
795
795
801
801
801
801
801
801
801
801
801
801
801
801
801
801
801
824
824
824
824
824
824
824
824
824
824
824
824
824
824
824
829
829
829
829
829
829
829
829
829
829
829
829
829
829
829
879
879
879
879
879
879
879
879
879
879
879
879
879
879
879
36
36
36
36
36
36
36
36
36
36
36
36
36
36
36
36
50
50
50
50
50
50
50
50
50
50
50
50
50
50
50
50
76
76
76
76
76
76
76
76
76
76
76
76
76
76
76
76
105
105
105
105
105
105
105
105
105
105
105
105
105
105
105
105
183
183
183
183
183
183
183
183
183
183
183
183
183
183
183
183
316
316
316
316
316
316
316
316
316
316
316
316
316
316
316
316
317
317
317
317
317
317
317
317
317
317
317
317
317
317
317
317
337
337
337
337
337
337
337
337
337
337
337
337
337
337
337
337
384
384
384
384
384
384
384
384
384
384
384
384
384
384
384
384
395
395
395
395
395
395
395
395
395
395
395
395
395
395
395
395
464
464
464
464
464
464
464
464
464
464
464
464
464
464
464
464
514
514
514
514
514
514
514
514
514
514
514
514
514
514
514
514
547
547
547
547
547
547
547
547
547
547
547
547
547
547
547
547
565
565
565
565
565
565
565
565
565
565
565
565
565
565
565
565
588
588
588
588
588
588
588
588
588
588
588
588
588
588
588
588
649
649
649
649
649
649
649
649
649
649
649
649
649
649
649
649
850
850
850
850
850
850
850
850
850
850
850
850
850
850
850
850
885
885
885
885
885
885
885
885
885
885
885
885
885
885
885
885
896
896
896
896
896
896
896
896
896
896
896
896
896
896
896
896
931
931
931
931
931
931
931
931
931
931
931
931
931
931
931
931
940
940
940
940
940
940
940
940
940
940
940
940
940
940
940
940
979
979
979
979
979
979
979
979
979
979
979
979
979
979
979
979
188
188
188
188
188
188
188
188
188
188
188
188
188
188
188
188
188
203
203
203
203
203
203
203
203
203
203
203
203
203
203
203
203
203
208
208
208
208
208
208
208
208
208
208
208
208
208
208
208
208
208
222
222
222
222
222
222
222
222
222
222
222
222
222
222
222
222
222
227
227
227
227
227
227
227
227
227
227
227
227
227
227
227
227
227
323
323
323
323
323
323
323
323
323
323
323
323
323
323
323
323
323
333
333
333
333
333
333
333
333
333
333
333
333
333
333
333
333
333
444
444
444
444
444
444
444
444
444
444
444
444
444
444
444
444
444
467
467
467
467
467
467
467
467
467
467
467
467
467
467
467
467
467
740
740
740
740
740
740
740
740
740
740
740
740
740
740
740
740
740
224
224
224
224
224
224
224
224
224
224
224
224
224
224
224
224
224
224
225
225
225
225
225
225
225
225
225
225
225
225
225
225
225
225
225
225
370
370
370
370
370
370
370
370
370
370
370
370
370
370
370
370
370
370
471
471
471
471
471
471
471
471
471
471
471
471
471
471
471
471
471
471
528
528
528
528
528
528
528
528
528
528
528
528
528
528
528
528
528
528
590
590
590
590
590
590
590
590
590
590
590
590
590
590
590
590
590
590
623
623
623
623
623
623
623
623
623
623
623
623
623
623
623
623
623
623
688
688
688
688
688
688
688
688
688
688
688
688
688
688
688
688
688
688
696
696
696
696
696
696
696
696
696
696
696
696
696
696
696
696
696
696
825
825
825
825
825
825
825
825
825
825
825
825
825
825
825
825
825
825
86
86
86
86
86
86
86
86
86
86
86
86
86
86
86
86
86
86
86
221
221
221
221
221
221
221
221
221
221
221
221
221
221
221
221
221
221
221
483
483
483
483
483
483
483
483
483
483
483
483
483
483
483
483
483
483
483
640
640
640
640
640
640
640
640
640
640
640
640
640
640
640
640
640
640
640
942
942
942
942
942
942
942
942
942
942
942
942
942
942
942
942
942
942
942
543
543
543
543
543
543
543
543
543
543
543
543
543
543
543
543
543
543
543
543
543
543
